{
    "_versionMajor": 0,
    "_versionMinor": 3,
    "boundsCenter": {
        "x": 0,
        "y": 0,
        "z": 1.5616827011108398
    },
    "boundsSize": {
        "x": 4.099100589752197,
        "y": 2.306523084640503,
        "z": 0.7798173427581787
    },
    "format": "perpixel",
    
   
            "clipEpsilon": 0.0064117577858269215,
            "crop": {
                "w": 0.6801619529724121,
                "x": 0.18218623101711273,
                "y": 0.1680161952972412,
                "z": 0.6174088716506958
            },
            "depthFocalLength": {
                "x": 1218.8218994140625,
                "y": 1218.4102783203125
            },
            "depthImageSize": {
                "x": 2560.0,
                "y": 1440.0
            },
            "depthPrincipalPoint": {
                "x": 1281.4830322265625,
                "y": 731.1443481445313
            },
            "extrinsics": {
                "e00": -0.21097314357757568,
                "e01": 0.6963682770729065,
                "e02": 0.6859748959541321,
                "e03": 0.9167168140411377,
                "e10": -0.977357804775238,
                "e11": -0.16189934313297272,
                "e12": -0.1362362951040268,
                "e13": -0.873671293258667,
                "e20": 0.016188252717256546,
                "e21": -0.6991851329803467,
                "e22": 0.7147573828697205,
                "e23": 1.1946132183074951,
                "e30": 0.0,
                "e31": 0.0,
                "e32": 0.0,
                "e33": 1.0
            },
            "farClip": 1.9515913724899292,
            "nearClip": 1.1717740297317505,
        

    "textureHeight": 1968,
    "textureWidth": 1584
}
